fna of original data is==== /data1/swq/srme_data/orig_shots.dat
fna of predicted model is==== /data1/swq/srme_data/water_layer_related_multiple.dat
fna of water layer depth is==== /data1/swq/srme_data/water_layer_depth.dat
fna of real part of fft of original data is==== /data1/swq/srme_data/fft_orig_shots_ltt_real.dat
fna of imaginary part of fft of original data is==== /data1/swq/srme_data/fft_orig_shots_ltt_imag.dat
No. of vel model width is==== 200
lateral interval of vel model is==== 5
vertical interval of vel model is==== 5
No. of shots is==== 200
No. of traces per shot is==== 200
No. of samples is==== 4000
temperal interal (ms) is==== 0.5
spatial interval of sourses is==== 5
spatial interval of receivers is==== 5
minimum frequency is==== 0
maximum frequency is==== 100
velocity of water is==== 1500
No. of grids for maximum depth is====60
Memory needed to be allocated is==== 1831.4MB
totally 1602 frequency slices need to be calculated
0   0
1   0.00628319
2   0.0125664
3   0.0188496
4   0.0251327
5   0.0314159
6   0.0376991
7   0.0439823
8   0.0502655
9   0.0565487
10   0.0628319
11   0.069115
12   0.0753982
13   0.0816814
14   0.0879646
15   0.0942478
16   0.100531
17   0.106814
18   0.113097
19   0.119381
20   0.125664
21   0.131947
22   0.13823
23   0.144513
24   0.150796
25   0.15708
26   0.163363
27   0.169646
28   0.175929
29   0.182212
30   0.188496
31   0.194779
32   0.201062
33   0.207345
34   0.213628
35   0.219911
36   0.226195
37   0.232478
38   0.238761
39   0.245044
40   0.251327
41   0.257611
42   0.263894
43   0.270177
44   0.27646
45   0.282743
46   0.289027
47   0.29531
48   0.301593
49   0.307876
50   0.314159
51   0.320442
52   0.326726
53   0.333009
54   0.339292
55   0.345575
56   0.351858
57   0.358142
58   0.364425
59   0.370708
60   0.376991
61   0.383274
62   0.389557
63   0.395841
64   0.402124
65   0.408407
66   0.41469
67   0.420973
68   0.427257
69   0.43354
70   0.439823
71   0.446106
72   0.452389
73   0.458673
74   0.464956
75   0.471239
76   0.477522
77   0.483805
78   0.490088
79   0.496372
80   0.502655
81   0.508938
82   0.515221
83   0.521504
84   0.527788
85   0.534071
86   0.540354
87   0.546637
88   0.55292
89   0.559204
90   0.565487
91   0.57177
92   0.578053
93   0.584336
94   0.590619
95   0.596903
96   0.603186
97   0.609469
98   0.615752
99   0.622035
100   -0.628319
101   -0.622035
102   -0.615752
103   -0.609469
104   -0.603186
105   -0.596903
106   -0.590619
107   -0.584336
108   -0.578053
109   -0.57177
110   -0.565487
111   -0.559204
112   -0.55292
113   -0.546637
114   -0.540354
115   -0.534071
116   -0.527788
117   -0.521504
118   -0.515221
119   -0.508938
120   -0.502655
121   -0.496372
122   -0.490088
123   -0.483805
124   -0.477522
125   -0.471239
126   -0.464956
127   -0.458673
128   -0.452389
129   -0.446106
130   -0.439823
131   -0.43354
132   -0.427257
133   -0.420973
134   -0.41469
135   -0.408407
136   -0.402124
137   -0.395841
138   -0.389557
139   -0.383274
140   -0.376991
141   -0.370708
142   -0.364425
143   -0.358142
144   -0.351858
145   -0.345575
146   -0.339292
147   -0.333009
148   -0.326726
149   -0.320442
150   -0.314159
151   -0.307876
152   -0.301593
153   -0.29531
154   -0.289027
155   -0.282743
156   -0.27646
157   -0.270177
158   -0.263894
159   -0.257611
160   -0.251327
161   -0.245044
162   -0.238761
163   -0.232478
164   -0.226195
165   -0.219911
166   -0.213628
167   -0.207345
168   -0.201062
169   -0.194779
170   -0.188496
171   -0.182212
172   -0.175929
173   -0.169646
174   -0.163363
175   -0.15708
176   -0.150796
177   -0.144513
178   -0.13823
179   -0.131947
180   -0.125664
181   -0.119381
182   -0.113097
183   -0.106814
184   -0.100531
185   -0.0942478
186   -0.0879646
187   -0.0816814
188   -0.0753982
189   -0.069115
190   -0.0628318
191   -0.0565486
192   -0.0502654
193   -0.0439823
194   -0.0376991
195   -0.0314159
196   -0.0251327
197   -0.0188495
198   -0.0125664
199   -0.00628319
