0  2307
1  2307
2  2307
3  2307
4  2307
5  2307
6  2307
7  2307
8  2307
9  2307
10  2307
11  2307
12  2307
13  2306
14  2304
15  2304
16  2303
17  2302
18  2301
19  2300
20  2298
21  2295
22  2293
23  2292
24  2291
25  2287
26  2284
27  2283
28  2282
29  2279
30  2276
31  2275
32  2273
33  2272
34  2270
35  2270
36  2269
37  2268
38  2267
39  2267
40  2266
41  2267
42  2267
43  2252
44  2236
45  2221
46  2207
47  2192
48  2177
49  2165
50  2152
51  2142
52  2133
53  2123
54  2113
55  2105
56  2096
57  2092
58  2088
59  2075
60  2062
61  2054
62  2047
63  2041
64  2035
65  2029
66  2023
67  2019
68  2014
69  2009
70  2004
71  1999
72  1994
73  1990
74  1986
75  1978
76  1970
77  1966
78  1962
79  1957
80  1952
81  1945
82  1937
83  1936
84  1934
85  1934
86  1933
87  1926
88  1920
89  1917
90  1914
91  1915
92  1917
93  1916
94  1915
95  1914
96  1914
97  1912
98  1911
99  1906
100  1902
101  1900
102  1899
103  1897
104  1896
105  1894
106  1893
107  1892
108  1891
109  1891
110  1890
111  1888
112  1887
113  1886
114  1884
115  1882
116  1880
117  1875
118  1871
119  1871
