3118 
0
3118
0
3118
0
3118
0
3118
0
3118
0
3118
0
3114
0
3112
0
3110
0
3106
0
3098
0
3096
0
3086
0
3084
0
3076
0
3072
0
3068
0
3066
0
3064
0
3062
0
3064
0
3022
0
2982
0
2942
0
2908
0
2882
0
2856
0
2832
0
2822
0
2786
0
2766
0
2750
0
2734
0
2722
0
2708
0
2694
0
2684
0
2662
0
2652
0
2638
0
2618
0
2614
0
2612
0
2594
0
2586
0
2590
0
2588
0
2586
0
2582
0
2570
0
2566
0 
2562
0
2558
0
2556
0
2554
0
2550
0
2546
0
2540
2534
2528
2528
 
